(2, 9)
(2, 21)
(17, 27)
(11, 12)
(11, 30)
(26, 18)
(14, 33)
(14, 23)
(23, 24)
(2, 9)
(2, 21)
(17, 27)
(11, 12)
(11, 30)
(26, 18)
(14, 33)
(14, 23)
(23, 24)
1
(2, 9)
(2, 21)
(17, 27)
(11, 12)
(11, 30)
(26, 18)
(14, 33)
(14, 23)
(23, 24)
[2. 0. 0. 2. 0. 0. 2. 0. 0. 0. 0. 0. 0. 0. 0. 0. 0. 0. 0. 0. 0. 0. 0. 0.
 0. 0. 0. 0. 0. 0. 0. 0. 0. 0. 0. 0.]
(2, 9)
(2, 21)
(17, 27)
(11, 12)
(11, 30)
(26, 18)
(14, 33)
(14, 23)
(23, 24)
2
(2, 9)
(2, 21)
(17, 27)
(11, 12)
(11, 30)
(26, 18)
(14, 33)
(14, 23)
(23, 24)
(2, 9)
(2, 21)
(17, 27)
(11, 12)
(11, 30)
(26, 18)
(14, 33)
(14, 23)
(23, 24)
3
(2, 9)
(2, 21)
(17, 27)
(11, 12)
(11, 30)
(26, 18)
(14, 33)
(14, 23)
(23, 24)
[]
[]
[]
4
[]
[]
[]
[]
[]
[]
5
[]
[]
[]
[]
[]
[]
6
[]
[]
[]
[]
[]
[]
7
[]
[]
[]
[]
[]
[]
8
[]
[]
[]
[]
[]
[]
9
[]
[]
[]
[]
[]
[]
10
[]
[]
[]
[]
[]
[]
11
[]
[]
[]
[]
[]
[]
12
[]
[]
[]
[]
[]
[]
13
[]
[]
[]
[]
[]
[]
14
[]
[]
[]
[]
[]
[]
15
[]
[]
[]
[]
[]
[]
16
[]
[]
[]
[]
[]
[]
17
[]
[]
[]
[]
[]
[]
18
[]
[]
[]
[]
[]
[]
19
[]
[]
[]
[]
[]
[]
20
[]
[]
[]
[]
[]
[]
21
[]
[]
[]
[]
[]
[]
22
[]
[]
[]
[]
[]
[]
23
[]
[]
[]
[]
[]
[]
24
[]
[]
[]
[]
[]
[]
25
[]
[]
[]
[]
[]
[]
26
[]
[]
[]
[]
[]
[]
27
[]
[]
[]
[]
[]
[]
28
[]
[]
[]
[]
[]
[]
29
[]
[]
[]
