t:0 [0.0, 0.0, 0.0]
t:1 [0.0, 0.0, 0.0]
t:2 [0.0, 0.0, 0.0]
t:3 [2.0, 0.0, 0.0]
t:4 [2.0, 0.0, 0.0]
t:5 [2.0, 0.0, 0.0]
t:6 [2.0, 1.4, 0.42]
t:7 [2.0, 1.4, 0.5459999999999999]
t:8 [2.0, 1.4, 0.5838]
t:9 [2.0, 1.694, 1.01514]
t:10 [2.0, 1.8703999999999998, 1.018542]
t:11 [2.0, 1.9497799999999998, 1.0195626]
t:12 [2.0882, 1.981532, 1.01986878]
t:13 [2.11466, 1.993439, 1.019960634]
t:14 [2.122598, 1.99772552, 1.0199881901999999]
t:15 [2.1249794, 1.9992258019999998, 1.01999645706]
t:16 [2.12569382, 1.9997401843999998, 1.0199989371179998]
t:17 [2.125908146, 1.9999137884599998, 1.0199996811354]
t:18 [2.1259724438, 1.9999716564799999, 1.01999990434062]
t:19 [2.1259917331400002, 1.9999907529265997, 1.019999971302186]
t:20 [2.125997519942, 1.9999970026727598, 1.0199999913906557]
t:21 [2.1259992559826, 1.999999033840262, 1.0199999974171967]
t:22 [2.12599977679478, 1.9999996900636088, 1.019999999225159]
t:23 [2.125999933038434, 1.9999999009925415, 1.0199999997675475]
t:24 [2.1259999799115303, 1.9999999684898002, 1.0199999999302642]
t:25 [2.1259999939734593, 1.9999999900045513, 1.0199999999790792]
t:26 [2.1259999981920377, 1.9999999968386488, 1.0199999999937237]
t:27 [2.125999999457611, 1.9999999990027795, 1.019999999998117]
t:28 [2.1259999998372834, 1.9999999996861892, 1.0199999999994351]
t:29 [2.125999999951185, 1.9999999999014633, 1.0199999999998306]
t:30 [2.1259999999853556, 1.999999999969121, 1.0199999999999492]
t:31 [2.1259999999956065, 1.9999999999903408, 1.0199999999999847]
t:32 [2.125999999998682, 1.9999999999969837, 1.0199999999999954]
t:33 [2.1259999999996047, 1.9999999999990594, 1.0199999999999987]
t:34 [2.1259999999998813, 1.9999999999997071, 1.0199999999999996]
t:35 [2.1259999999999644, 1.999999999999909, 1.0199999999999998]
t:36 [2.1259999999999892, 1.9999999999999716, 1.02]
t:37 [2.125999999999997, 1.9999999999999911, 1.02]
t:38 [2.125999999999999, 1.9999999999999971, 1.02]
t:39 [2.126, 1.9999999999999991, 1.02]
t:40 [2.126, 1.9999999999999996, 1.02]
t:41 [2.126, 1.9999999999999998, 1.02]
t:42 [2.126, 2.0, 1.02]
t:43 [2.126, 2.0, 1.02]
t:44 [2.126, 2.0, 1.02]
t:45 [2.126, 2.0, 1.02]
t:46 [2.126, 2.0, 1.02]
t:47 [2.126, 2.0, 1.02]
t:48 [2.126, 2.0, 1.02]
t:49 [2.126, 2.0, 1.02]
t:50 [2.126, 2.0, 1.02]
t:51 [2.126, 2.0, 1.02]
t:52 [2.126, 2.0, 1.02]
t:53 [2.126, 2.0, 1.02]
t:54 [2.126, 2.0, 1.02]
t:55 [2.126, 2.0, 1.02]
t:56 [2.126, 2.0, 1.02]
t:57 [2.126, 2.0, 1.02]
t:58 [2.126, 2.0, 1.02]
t:59 [2.126, 2.0, 1.02]
t:60 [2.126, 2.0, 1.02]
t:61 [2.126, 2.0, 1.02]
t:62 [2.126, 2.0, 1.02]
t:63 [2.126, 2.0, 1.02]
t:64 [2.126, 2.0, 1.02]
t:65 [2.126, 2.0, 1.02]
t:66 [2.126, 2.0, 1.02]
t:67 [2.126, 2.0, 1.02]
t:68 [2.126, 2.0, 1.02]
t:69 [2.126, 2.0, 1.02]
t:70 [2.126, 2.0, 1.02]
t:71 [2.126, 2.0, 1.02]
t:72 [2.126, 2.0, 1.02]
t:73 [2.126, 2.0, 1.02]
t:74 [2.126, 2.0, 1.02]
t:75 [2.126, 2.0, 1.02]
t:76 [2.126, 2.0, 1.02]
t:77 [2.126, 2.0, 1.02]
t:78 [2.126, 2.0, 1.02]
t:79 [2.126, 2.0, 1.02]
t:80 [2.126, 2.0, 1.02]
t:81 [2.126, 2.0, 1.02]
t:82 [2.126, 2.0, 1.02]
t:83 [2.126, 2.0, 1.02]
t:84 [2.126, 2.0, 1.02]
t:85 [2.126, 2.0, 1.02]
t:86 [2.126, 2.0, 1.02]
t:87 [2.126, 2.0, 1.02]
t:88 [2.126, 2.0, 1.02]
t:89 [2.126, 2.0, 1.02]
done
